$ANSIBLE_VAULT;1.1;AES256
63663831626431393737653466333837343831393335656564646330323437333366666134633162
3664366234656138383261616635303432343637613061330a373663396535646132633531666465
34313638633764633232393835386365306632323539626237396331636534313832376333363664
3134643561623135300a343365383662333132386232653131333331353231616436393364353765
64646664333662323462363961333434663335643331616161643433393934383465313331653136
62666432343631393466376362613961363763366363363232333462363265653830356532613939
33333038336664306135313235646133353436353139333931663432656238386335313930353238
35306332333436636266393533353538663038646234393531386330396263326137643462623432
64633261643236353933336265383063393464623839623565326631633865313437393061376139
30383261363033306232353562626135323838663863376163336134323865323337326637333762
33396438323935386163306534383230633134643133363531346264333631623462353430316231
63316230616335666363376663373266393434326430643663656162646130383635336464346162
32613033366335663532306533613662326139626536623531343230633762626461363632633333
61323664353934343666626138326435333037366236623062386135316130613432623965656132
30396366323563306136303733623337643636623064383039386431626135613763356435313161
65666335333231376339303632346465643163363466633165356239333630646161363033366431
63383237366338656238636539373538636330613665353062666635386135613437623562333430
38323737336262353666316463353439313139393163653334323538613330623339373061383062
66313863333031366433636233623665386430376261643766653864653633346233346662326233
62313539663833353439373337643634346139366233373130663538623063323436356664326439
66376135313033346338353663383835643261653763633864373333353436333563313533336339
34383031346535653161623266366632613634393232613037623636313739323531326334366431
34363166363037383364313861363663366264366138663033363630303265353965663536613263
37656337303261643334333533656237633038623634373336316563666639666230393233396138
36343061616237393862323762633562393566353663303462633132636639323837626632363032
36306365393563346337623061663361316661393861343332313434303131613333363363613933
65636161663166353539333335306336303637323861353666326430343036653361333966643861
31303232323436396235376461313431373839656135383663663831663936613964616639653732
61316530376430633931326538396462363330383437343962393963303536346436366565373562
35376236343937336537343435313463343533363331313136623964316237356335323033336133
66653765633530633834643936623062366263613035343431353731613435336366643861373634
32373564346335353133376235366561646631373732303632333231633337616561613234616466
65303030636338663439306433643637646162373734363133383761326666616166393534656431
66323432643534336664373633343666373338643136656630363765316361636338356439343662
64396438343937363332353334343238396438633434616232373037363062656130353830386632
63646663366161623231616362346432336261353233343738363631643366323737396230656636
39343130653432386135376661373964623463333531313735356337616638303035366137646161
64353238313333386461336362386565646365653835633163663439326639343861626266346637
62656164373939326463373537323731316331313164373238303739333837313337356332333633
62346366363936323931366339353437363766333037373065663264366237383861383331356363
66383235323335323530366434343061613036366562663535313439346330643863653834623136
37353530346464383162326539333235376464653366656364383163663635326537626234653664
39653635316364343461353332346334356665376136383638386663663466656233373638653161
33316166303539343433613066623832663138643339633163356562616133386431373732343063
3133
