$ANSIBLE_VAULT;1.1;AES256
38663833626334343461396338323962313261656363343165343730306530656135613433633535
3639383230643831346264336166353665613031623865340a396331356538363939316663323862
36623838653731623364363130663561336138366335363033323430653331393966623237363730
3237643632336162390a633033613034623634343464663835303366373830633635396639666662
33646434616534323433653766393934346633366563393431613036346335303766333331303063
32353630653333353561336562393735653833393565306331623661373535643634626630313634
38373234316132623062346462626538346136303535656465613262633966386261353131643638
64366435623631333464633436356631346636323335303033633562613031613430356462373036
34316466626665316162623136653934373361663666663038623462366135663736633936326165
35306164313231636566393432643863643636623566626161323039386632363937626666666562
61383134373166333231663430346336396236323933663335316439376137323734326137383836
39353336333431326561666466653737383639326132343563326366626535376666306535313936
34623965396331356638376538333031303431376538326634346466336636306235376435613633
61313932366265323231646539623138633832383433623961356536643133336231643634666330
35653333353732626466386636363933646134303061353566323832346630303839363532636136
30373766623636336336613939633464653137363638336437333632313631626163316465376537
35396261303364313662666333323733343736663031643361666630373032316234373735343463
62663938333738306132393430326263353033323731386136326563363761376339626439383362
35376131326134353034343836613730346232343038633439306232646239333266393764663237
36643435343230316161643661646462306535653330366238333036353233386263623338613933
34356332616662613336336261633834643036363139336434613866376662333839616536316633
38356331363434646362313135653163396263396536346534336433653365643266653639373736
63653633393033646139336364656236383433303033373933333364636437326662636164366232
66353832386464326465653138316563386638336638643865396239363637336636376536383638
34643238373761623766613735393432366162613466323439396363373134313365633763626139
66303139356439326533306133616132663364616534326132613230643262353238386230353632
61386632363065333362626565383435386633626562643737303437326637313631333736643366
36376663396530623038303330353131386636346530636262313036653463643865306261313161
63616538316431376261386430393834616333616365666131303735383338353038656336353363
37646462343165343761383435346339613964353838313430353166666231646334363666356237
39346236383435626136383836393461343362326263346334333334393235633536613665326165
37313739376563383932376530386531313835356539663535366162393962656235633236333432
64643433333138336564643334646233653162316331643939373166363933313461353536616431
30393135373139373138383536643134646363323036393265663263333137316437383964353062
65326131383930616336393839313030353733626263653637616461383134316465336262376638
62636236313066363331373633306361303761306462666666656138366332356631386539323933
65303833306230653161666231393736336436656139663439383066663834656364643531393636
6137303465346264396461356539376336346365343865313864
